461.80
103.99
474.34
166.70
485.22
170.26
507.06
260.29
219.93
258.28
178.15
137.29
211.98
422.33
217.15
395.27
405.36
299.98
363.61
389.64
365.62
205.82
181.75
194.55
414.48
229.89
208.44
214.33
136.92
343.70
274.60
308.09
291.31
164.65
245.00
229.59
349.93
175.87
410.30
348.53
194.52
254.35
229.68
313.35
171.91
199.00
440.41
212.07
310.07
261.04
365.94
317.94
204.32
371.52
339.24
348.92
400.31
254.20
197.01
424.74
129.36
187.88
219.43
203.36
407.83
309.35
271.49
433.19
463.80
441.49
225.21
329.09
148.08
474.02
249.93
438.10
117.37
315.20
314.31
217.77
236.93
219.84
229.40
102.91
292.44
411.08
164.89
218.26
203.36
211.99
246.23
226.78
449.34
189.51
319.22
330.17
354.04
261.18
294.99
337.75
822.95
1499.23
809.81
1697.11
1210.21
619.60
1489.66
1516.28
773.20
1481.82
684.42
1505.37
1451.99
1586.00
1578.82
1453.82
821.68
673.82
1247.59
718.45
1686.58
1613.89
884.17
1139.81
794.04
1600.52
783.98
535.87
611.76
808.93
1520.84
930.67
1009.07
755.73
1475.15
756.65
1079.85
1376.75
1507.61
872.64
694.91
1020.40
1137.88
801.11
1055.36
1365.48
1604.88
1551.57
859.58
1516.64
849.60
1533.51
1100.25
1542.57
1406.67
909.96
1200.23
1221.69
774.82
668.25
1309.30
591.88
1092.86
927.56
1522.43
1351.51
691.80
580.59
1675.93
434.44
721.18
891.50
777.34
1240.05
1394.24
1396.08
1572.61
767.34
661.26
877.38
1547.08
1342.15
957.75
1685.56
1084.80
1067.41
774.30
869.88
895.13
1542.57
1537.17
1239.89
967.63
589.28
520.71
1136.16
1040.13
694.57
746.54
838.76
1893.18
1614.64
1633.92
976.02
1552.58
1962.81
1165.93
965.16
1152.91
1744.81
1549.31
1384.65
1564.01
1080.33
1743.77
1687.38
1545.87
1175.06
1852.55
1638.20
968.49
1479.62
1874.07
1758.41
1792.83
934.74
1285.58
1841.46
995.82
1627.28
696.20
1567.42
1113.39
1049.23
1026.87
1782.84
1160.23
1672.25
1652.05
1581.32
1124.15
1550.12
848.04
1566.88
1659.12
1886.92
1951.19
1775.07
1616.89
1825.45
1235.38
1154.66
1919.02
1613.70
1878.65
1032.95
1512.53
887.15
1507.71
1278.97
1519.63
901.47
1879.64
1330.14
1586.34
1729.38
1716.12
1245.83
1588.18
1904.52
1677.38
1811.03
1525.57
1153.70
918.87
996.44
1885.04
1435.86
1648.72
1005.00
1989.12
1098.73
1598.65
1947.97
1555.57
1888.11
1795.17
931.50
1672.01
1154.98
1963.37
1895.85
1982.06
1971.37
1158.65
1495.31
927.76
809.01
1650.97
1676.93
1374.90
992.91
1332.90
738.34
1367.31
852.15
949.89
1429.57
1366.17
1525.07
1076.68
1299.61
1073.95
1251.90
1242.97
929.15
1088.45
637.84
1130.95
1020.09
1542.45
812.07
793.94
1410.73
1514.09
1107.47
1217.05
1583.66
1142.74
982.03
578.94
641.66
620.57
1850.08
1359.14
810.69
768.78
612.86
992.88
1107.49
707.27
864.12
1295.82
1328.84
933.99
1044.01
1407.44
628.41
956.77
1123.91
1717.67
1008.31
632.38
1120.14
635.67
723.52
1307.58
1372.83
619.12
742.52
746.51
1130.53
1780.30
1384.94
621.02
1663.84
1457.54
879.48
799.93
1137.38
988.46
1150.86
1370.41
1334.20
1343.29
1045.82
1386.02
619.25
760.59
1172.13
835.85
1004.87
1333.07
522.63
1226.14
769.16
1850.08
576.34
898.76
1322.47
644.29
1033.59
684.22
1376.99
1733.10
1079.69
1446.66
809.53
1090.86
1646.27
822.59
455.91
751.76
783.97
592.87
348.80
910.91
779.07
504.47
1014.47
467.02
844.41
759.72
884.50
659.66
547.16
1154.14
489.58
1170.72
415.89
875.36
360.03
702.48
749.09
490.44
587.54
1019.31
522.87
457.01
1138.33
446.83
541.77
907.40
753.56
450.00
1171.59
778.06
671.42
737.43
793.10
925.57
796.16
440.40
458.42
512.86
1004.55
530.73
635.85
1075.79
536.06
339.49
349.94
348.66
709.61
1232.46
656.61
884.37
844.98
479.43
826.95
856.48
798.80
870.38
719.58
1215.60
490.63
945.17
1160.45
1239.86
299.48
725.72
943.44
1150.38
1067.90
702.79
970.00
1102.78
1177.01
887.56
464.66
435.41
700.28
341.82
368.09
809.98
641.28
1209.18
892.25
785.10
1250.62
529.43
575.60
447.33
755.20
385.89
312.00
1069.61
855.87
808.41
923.83
988.11
844.98
626.94
301.85
1060.61
202.15
965.13
582.53
853.36
599.55
910.37
783.25
611.36
455.52
311.78
764.27
769.25
1268.98
864.20
476.63
1079.08
890.15
1259.29
454.30
617.79
458.74
622.90
717.98
873.42
391.60
624.77
954.87
725.23
627.46
336.07
848.87
1183.38
341.46
1128.10
618.09
890.52
1012.54
765.99
336.88
479.43
455.75
1191.13
1180.30
461.86
932.82
1511.91
1132.40
1419.59
1394.00
1238.93
525.40
733.03
780.10
1109.13
1426.53
795.23
1435.84
906.43
668.66
1466.91
745.69
772.20
624.28
1023.89
1378.86
647.13
648.17
863.51
1512.20
1290.89
770.18
1477.00
733.03
1269.77
645.55
672.96
1150.68
612.52
644.49
801.72
1504.83
1390.81
896.68
1066.51
1296.40
1493.69
863.37
1121.83
1502.42
770.52
925.93
1435.71
1276.31
918.90
1341.52
1478.45
745.31
1556.16
1439.68
604.49
1431.75
813.42
617.30
813.93
1518.05
848.27
1156.86
1160.09
1524.00
1389.00
783.26
1071.57
1429.98
1401.82
686.00
1546.99
512.67
1392.96
530.83
850.41
1394.32
1319.41
775.23
1488.12
1032.09
894.85
489.03
783.66
1503.33
831.24
662.40
1484.30
1447.88
807.62
1473.90
578.55
1135.80
676.03
1095.92
1032.08
1144.03
662.57
1291.01
1427.43
787.04
1883.08
1921.50
1970.07
1897.09
1801.25
1951.69
1968.09
2005.70
1985.90
1909.46
1975.13
1911.69
1816.21
1951.79
1874.44
1923.91
1849.59
1979.52
1906.15
1890.98
1884.76
1832.65
1897.19
1924.28
1977.09
1846.69
1883.48
2003.49
1751.26
1956.07
1857.17
1948.27
1921.88
1941.65
1902.09
1813.01
1784.99
1930.92
1858.05
1759.26
1838.43
1979.38
1935.31
1817.79
1850.91
1928.90
1906.38
1813.01
2058.43
2012.08
1805.83
1950.47
1749.28
1920.94
1972.62
1854.43
1935.08
2030.35
1741.78
1738.77
1802.48
1882.88
1820.06
1948.40
1926.68
1858.91
1935.71
1816.77
1949.53
1791.87
2077.71
1887.56
1917.80
1955.70
1838.35
2035.44
1848.49
1955.23
1923.03
1756.90
1906.24
1812.41
1858.89
1863.21
907.48
1898.03
1907.84
1804.14
1759.53
1911.51
743.51
1922.87
2028.24
1854.25
1977.41
1849.72
1913.77
1965.63
801.51
1916.08
1409.75
1177.30
852.46
1847.60
1516.55
760.58
1241.61
1336.73
702.56
1261.20
2049.90
1520.40
1830.41
1759.44
1528.08
1993.40
1665.08
1818.56
1738.37
1445.53
1404.28
2092.81
1735.05
1793.12
1527.63
1433.67
1605.07
827.36
1964.74
1487.69
1660.73
1586.28
1827.40
1086.18
1491.77
1984.41
642.98
1838.79
1656.82
414.30
1906.44
1975.76
1265.33
652.25
1341.71
1675.24
1880.78
760.94
1599.90
1459.27
936.71
1473.16
1310.83
2045.58
1553.13
1023.54
1582.61
1914.59
1358.12
1873.53
1291.44
1151.12
724.93
194.01
1399.44
1278.59
1236.80
1898.20
1419.24
824.28
1548.51
1392.05
1366.17
534.94
1533.96
1603.40
1486.05
1665.95
685.53
1610.82
1254.96
967.03
1489.25
1831.88
557.27
1693.74
1494.93
1665.28
937.47
1698.54
2051.23
943.75
1405.86
1356.04
1451.04
1748.55
1724.55
1282.18
1049.12
1172.61
1486.95
1780.79
1557.25
1786.90
1880.46
1816.46
1836.05
1795.58
1361.45
1681.40
1455.44
1203.34
1124.31
1467.79
1518.82
1319.29
1575.30
1461.68
1384.57
1577.56
919.80
1680.11
1727.47
1104.02
1223.15
2070.26
1144.79
1665.42
1549.06
1848.62
529.03
1405.20
1435.47
1054.42
668.57
1488.86
1165.25
1165.66
1699.39
1186.98
869.94
1297.49
747.31
1828.75
994.49
1868.93
1941.47
1117.54
949.93
1729.82
1664.39
1561.36
1885.23
2070.26
1524.76
731.57
1615.48
692.34
1185.78
1872.25
1877.94
762.75
645.95
1397.62
1612.92
1129.97
848.22
1666.15
1571.53
2047.51
1804.17
1855.86
965.48
1853.10
1339.77
1443.22
1656.23
1926.05
1648.68
1716.55
1018.61
1773.86
1919.44
1527.95
1621.22
1468.62
677.23
1070.42
772.54
1490.24
1958.08
1893.19
1379.66
1499.38
1077.51
1466.34
1769.56
1764.89
1271.30
1633.09
1465.59
1402.32
1880.41
1549.41
1006.22
1607.88
1411.10
1480.68
1631.85
1958.08
1477.88
1689.60
1761.46
1518.79
1650.52
2112.67
1803.14
1980.24
1520.90
1041.83
1063.31
2042.61
1941.33
1919.35
1397.91
1636.83
1051.80
478.34
1441.47
1599.36
1204.14
1129.74
1345.93
1914.39
1957.83
1590.87
1832.12
1989.84
1990.59
1751.57
1547.77
1599.53
1815.06
1505.05
1985.13
1543.43
1294.29
1801.28
1788.96
1857.63
706.23
746.59
1874.07
1539.76
1717.30
2050.62
1596.47
1825.40
1572.05
1942.02
1289.98
1788.39
778.80
1537.27
1676.43
628.67
1301.77
1511.18
984.27
1914.03
1655.85
740.47
1582.47
1758.27
714.48
1274.56
1619.03
1789.93
1782.94
1502.94
1054.53
1109.92
920.67
1405.09
1448.43
775.71
645.80
1100.46
1092.78
1760.53
1536.98
1050.20
891.22
1204.04
1089.86
1557.58
608.28
1327.20
1150.89
1716.49
765.95
1331.33
974.45
1870.79
1466.01
1535.62
1743.85
1674.94
874.73
1883.54
1745.20
1167.16
1193.66
1648.71
1570.80
1226.12
1701.72
1721.22
1649.53
1601.93
847.69
1725.44
794.45
1401.28
1387.82
1608.15
1158.79
1641.24
1753.72
895.38
1469.55
1231.20
1860.64
1601.09
1317.97
606.57
1231.89
1959.60
1660.57
907.03
1762.05
1487.27
1197.22
1786.71
1490.23
1431.26
570.15
1075.26
1820.82
1625.59
927.65
918.65
1814.67
1126.22
1429.81
1758.74
1618.51
1487.94
855.71
1841.24
1742.86
1731.40
1837.99
1472.05
1572.68
1544.50
1943.31
776.05
1705.08
1655.55
1529.09
1367.79
1754.25
784.17
1648.80
1368.48
1862.04
1941.27
1518.77
1580.11
1504.59
1790.76
1662.41
956.48
969.98
1250.05
1292.59
1517.40
1753.29
2029.36
1493.89
1261.70
1304.16
1175.46
1534.19
1253.01
1933.38
1716.05
1751.07
1262.60
1637.20
1674.95
286.48
2051.53
1394.17
1645.49
1623.91
1848.88
1815.09
935.96
635.44
1208.40
695.84
1754.64
675.41
1953.36
515.92
1400.44
1698.70
1533.80
1581.45
1489.24
1343.51
1767.75
1158.65
1620.11
1708.08
1489.71
1965.67
1674.43
752.44
1607.16
659.77
1613.29
1109.04
1779.29
786.30
1499.73
1361.91
961.48
1650.86
761.96
1626.20
1611.60
1596.97
1970.54
1822.70
1453.96
1252.00
1138.85
1658.19
1295.46
1580.75
1457.56
758.90
1153.24
1504.60
1020.81
1772.98
1321.14
1945.34
468.46
1809.66
1463.97
1819.25
1627.17
465.19
748.09
1798.54
634.81
1145.49
1549.60
1509.70
1729.82
1432.08
1779.89
1353.50
1748.42
801.26
1497.80
1503.74
1222.40
1468.16
1660.35
1595.60
538.67
1125.86
810.58
1427.91
1567.42
1038.33
1232.63
897.21
1137.63
1236.59
1582.65
1929.37
1871.44
1951.79
1329.19
1969.11
1792.09
950.90
1344.35
804.37
1101.56
1507.97
1170.99
1754.53
1834.34
1507.62
775.38
1540.30
1222.58
1688.07
1755.56
1917.18
1295.76
1757.71
786.30
1511.85
1267.15
1065.46
1687.05
1396.62
1622.87
1796.36
881.67
1303.11
1548.96
686.42
1619.75
1392.63
863.40
1858.68
1513.70
2068.55
1224.68
534.56
1170.05
1541.47
1848.00
1772.94
1734.14
1366.88
1114.48
1617.33
1645.13
1425.16
1456.66
1937.45
1394.17
1596.03
1437.62
1675.37
1822.12
1783.76
1843.13
1272.41
1074.47
1158.62
1447.78
1582.03
858.79
1889.74
1580.97
857.68
1537.11
1953.82
1541.66
1192.17
1014.79
1537.83
1240.52
835.78
1423.69
988.28
1422.53
1311.78
1258.47
1595.75
1036.85
1402.15
1312.16
1181.98
1516.93
1703.80
752.92
1690.69
1201.44
579.59
1315.71
947.54
1489.97
1080.55
1611.45
1320.15
1484.62
1246.08
1730.70
1114.01
1595.32
1166.41
1588.88
1888.66
2048.28
1626.32
1338.72
637.62
1737.97
1519.81
1446.45
1383.26
1636.23
1920.64
1526.09
1486.62
1511.08
1077.43
2009.92
1805.30
1840.66
1189.44
1404.18
1596.00
1606.61
1476.86
718.13
1823.31
1452.79
1731.91
1422.54
903.65
1701.66
1778.60
1399.00
1919.15
1554.10
1530.51
732.24
1480.00
2053.05
1460.54
1671.43
1838.70
1726.53
1443.21
1813.72
1502.30
1517.78
1520.82
1588.31
1582.11
2083.37
872.33
822.37
1863.38
1541.44
1262.79
473.85
1351.05
816.75
916.27
1782.68
1016.75
1499.64
1747.36
1692.68
1387.64
1876.92
1544.29
1134.45
1517.72
1912.48
1550.12
1655.89
857.98
1459.11
987.35
1555.77
1503.99
1275.87
1472.12
1709.46
1602.89
1234.54
1656.70
1525.34
1623.32
1763.32
1130.57
1980.56
1501.79
1781.25
1005.81
1958.40
1628.76
1971.35
1290.27
1105.60
1930.37
1776.53
1553.72
940.26
1504.41
1792.20
1553.67
1624.72
1484.47
551.05
1662.78
1108.42
1341.32
1175.57
2098.22
1274.92
1443.87
1652.86
1046.17
640.11
1377.07
1507.77
1401.36
1550.36
995.07
1107.62
1472.21
1515.76
1443.43
1461.71
1842.02
1525.42
1195.18
949.37
1492.32
1727.57
1612.12
1427.75
1498.39
655.63
1273.96
1003.83
801.39
1355.40
1713.92
1619.52
1853.59
1236.03
1691.07
799.39
1549.46
1839.73
1078.22
1932.50
1308.86
1920.48
673.23
630.22
1503.89
1078.13
1780.54
1250.58
1840.49
1606.44
1485.63
1617.78
1159.57
894.71
1788.06
1762.50
573.14
1247.66
849.68
1102.94
905.24
1440.53
1485.26
1567.86
1903.74
647.78
902.60
595.60
1443.16
1073.03
1575.90
1068.38
2127.86
1602.13
341.51
1528.89
1269.46
680.86
1173.70
1455.97
870.01
1796.36
1124.97
1830.72
843.56
473.82
1501.51
1180.49
1501.68
1551.73
1176.71
1647.25
395.64
560.02
1695.12
1740.52
747.35
869.61
1186.35
1480.66
1464.06
1447.47
1769.32
434.22
1372.33
802.61
1474.40
1653.46
1769.22
1649.87
1478.25
1917.12
1474.25
1955.52
1343.14
1566.63
953.76
1519.22
1393.39
817.11
1576.25
1673.59
1601.81
1655.11
1489.47
1638.62
1467.16
1194.44
1356.18
1233.62
846.21
1764.30
1635.87
1479.21
1546.65
2055.66
1793.20
1754.03
521.83
1108.42
1171.20
2035.69
1524.30
1064.29
1527.66
976.15
1921.23
1713.59
2073.51
1616.47
1609.51
1012.42
2009.45
1731.07
409.31
1343.59
889.75
1446.35
1513.77
1544.46
1506.16
1717.22
1446.47
1962.47
1461.47
1103.39
992.04
1618.57
812.51
1498.58
1483.14
1134.91
570.07
874.74
1342.88
1200.12
1573.03
1106.41
1773.25
1685.61
657.29
1534.20
1461.85
1456.05
1379.79
1302.65
1761.12
1528.24
1882.23
2072.69
1950.53
1588.98
1398.70
1197.14
1479.11
1487.85
1732.35
1763.20
551.40
1811.12
1924.96
1828.47
1722.19
1292.45
1376.03
1126.12
1171.13
1711.59
764.62
334.40
993.23
562.65
1374.82
1036.46
902.11
679.10
814.35
1650.88
1385.58
621.57
1271.50
1820.05
878.44
1780.77
1806.46
1511.32
1670.64
449.02
1514.80
1454.36
910.74
1245.97
1394.92
1203.36
1971.37
1090.86
1569.85
761.28
2056.81
1264.61
1956.54
1243.49
1434.30
1277.23
1579.35
717.18
1428.31
561.91
1438.84
1632.31
1838.12
592.34
1715.01
750.88
1067.96
1036.74
1146.23
1708.29
1429.36
1568.04
1540.62
886.72
581.98
1212.40
1858.37
1772.71
1217.14
1959.43
1837.71
1660.68
1044.41
1576.76
1435.42
763.33
1581.26
1251.10
1626.90
1302.11
1468.24
1643.87
1507.41
1389.39
1693.56
1720.91
1618.96
1503.97
1170.13
1567.51
1761.91
1090.40
1679.03
1239.77
891.85
1667.13
1585.20
1956.45
1026.98
1220.14
1239.69
1064.59
1814.31
1252.21
1978.32
579.87
1408.60
1501.09
1357.60
1597.57
1762.95
1979.48
1593.07
1240.57
1329.22
1818.64
1905.05
452.28
1946.64
817.14
1056.96
1735.41
1059.34
1508.76
566.72
1868.67
1519.19
1976.08
1977.37
1298.58
1628.17
1518.96
1966.78
1626.20
1490.93
893.11
778.61
1578.12
777.16
1670.69
1488.60
1400.51
2098.00
1619.04
1651.19
1539.01
1073.77
1787.31
1749.45
1913.99
635.14
971.42
1082.52
1554.04
1793.29
1715.48
1506.03
1915.03
1611.96
1519.68
1639.74
1753.78
1481.98
1950.51
949.17
1412.38
939.40
1741.88
1148.32
1742.71
635.81
1289.19
919.38
1174.25
1270.56
1212.85
492.92
1376.71
1345.74
1644.83
1181.57
767.95
1140.21
1604.48
509.39
690.19
1634.44
1733.78
1303.61
1696.03
1637.29
1744.07
1603.62
1656.49
1651.56
1356.03
1775.05
1615.15
1227.89
757.42
1097.04
1097.68
1534.28
617.21
1532.75
1943.31
1720.61
1400.85
1580.21
1042.06
1735.87
2040.49
1447.20
1179.46
1803.01
1176.80
1416.14
1471.99
1575.88
971.62
1169.26
1859.68
1692.41
1912.80
1470.26
1606.84
1797.84
1636.15
1963.63
1720.39
1687.14
1704.89
1305.75
1812.43
1438.47
1609.84
1363.25
1524.63
1533.46
1470.34
812.33
619.70
1744.26
1628.89
1159.25
1097.52
1167.09
1523.24
1248.71
584.46
773.04
1541.18
1685.31
1595.35
1506.48
1987.54
1875.05
1984.83
1277.02
1531.83
998.88
1400.31
1108.73
1761.02
647.35
1621.25
1048.26
1673.43
779.50
1415.35
1613.66
1113.27
1498.33
1745.26
578.60
1421.46
1311.42
1457.15
1427.61
1552.78
755.57
1421.91
1682.60
227.19
776.98
1850.76
1546.13
996.82
1207.28
1799.46
719.09
742.25
1854.02
1731.69
1741.07
1899.80
1817.71
1327.09
1652.94
1233.15
1818.11
1711.67
1609.59
1651.20
1953.15
593.58
1736.13
1394.32
1671.41
1515.44
852.20
1304.10
1569.84
1486.60
766.47
1456.60
1870.69
1461.58
942.05
1513.30
1415.40
1575.24
1884.81
1893.90
649.77
238.12
853.27
1643.47
1776.35
763.90
1606.63
1567.60
1787.22
1721.08
1751.57
570.09
1810.36
1840.29
1599.94
1678.01
1940.44
1390.99
1878.52
1474.86
1237.20
1418.06
897.67
1626.33
1527.64
1760.56
1202.25
1543.97
303.06
1886.17
1463.19
1416.53
586.59
902.65
1827.07
1600.46
1699.02
980.33
1809.23
1408.83
860.32
1920.58
1302.96
916.18
725.46
1194.82
1881.74
1913.72
1421.83
620.57
1237.92
1148.89
1051.53
1690.70
1272.68
1338.79
1366.09
1485.13
1515.06
1868.77
793.45
1427.32
1833.28
1684.26
445.42
1823.32
1497.75
2039.31
1726.62
870.90
1107.26
602.93
1676.63
1681.97
777.59
1197.79
1727.89
629.00
1126.39
882.63
1713.49
1520.14
2052.62
942.11
1229.66
1260.39
1493.56
1936.69
694.21
1876.53
1377.26
1448.52
504.23
1637.21
1480.68
1868.22
1800.29
719.84
1599.89
1146.24
1839.73
1595.82
1624.04
1656.93
694.76
1169.86
1036.53
873.56
1497.60
1492.78
1601.33
1503.95
1359.63
1534.67
1262.31
1402.97
1504.03
1979.73
1051.33
1831.95
1598.24
1689.08
1514.21
1072.50
1397.66
1958.65
1743.73
771.83
1547.22
1523.18
1923.96
1629.36
1758.81
1742.30
1454.83
1507.14
1657.75
1772.53
1136.86
1546.40
826.61
1713.55
1807.02
517.57
1602.09
1818.42
1803.76
1410.14
1430.26
838.67
1123.14
1776.17
1210.42
1768.77
1222.00
706.49
1500.72
1545.62
1365.08
1773.29
1137.13
436.87
947.07
1778.58
1945.36
1766.03
1631.17
1942.63
1259.15
1516.07
1790.98
1596.17
1326.28
1468.42
1464.93
1665.20
1067.42
1600.62
1524.03
1107.89
932.11
711.54
1827.15
1290.06
1488.81
894.91
1113.95
1497.24
1581.93
1151.76
1306.95
1715.74
815.79
1872.21
998.34
813.06
1678.24
1063.29
1684.53
1882.33
1080.54
1788.90
1845.12
1919.56
760.25
455.42
897.35
1526.61
1738.34
555.97
1787.58
1829.11
1294.57
1628.34
912.24
629.80
1695.82
741.17
213.13
1283.70
1832.61
1721.85
1622.70
1935.45
1742.85
2021.93
1627.63
1439.91
1377.42
1650.86
999.45
1475.01
1490.59
1786.90
1271.10
1620.68
1262.67
1584.56
1555.92
1432.09
1520.66
1193.20
1814.52
1095.23
1744.29
2079.96
787.59
1784.86
219.26
1846.12
1347.67
1722.30
1731.38
1022.68
1794.26
1875.98
1595.28
1602.36
612.35
1526.06
1704.16
1557.24
1432.31
1713.08
1061.75
1934.32
1661.64
1202.78
270.74
1864.35
483.20
356.79
1346.27
908.75
1798.66
1749.94
1496.52
1787.16
1544.28
1479.29
1522.17
1185.26
917.57
1653.37
1178.19
1580.16
1465.55
1486.34
1731.04
1631.71
1572.58
661.09
1024.39
1496.94
1829.24
1059.64
622.40
1266.25
1142.28
1367.63
1133.02
1668.16
1570.11
1756.90
751.32
1809.61
833.21
1958.77
1865.83
1437.75
1265.65
1511.93
820.07
1846.40
1317.51
804.54
1627.16
993.40
815.20
698.73
958.47
462.31
1887.92
1880.41
1577.94
1263.59
1155.50
604.10
1596.29
1725.66
1136.31
507.62
1583.42
1616.81
583.38
1406.03
771.65
957.98
1207.98
1985.63
791.32
472.99
1236.44
1888.51
1537.43
1794.78
1871.29
1376.38
1620.92
1848.42
1289.53
938.73
1015.34
1699.37
1295.61
1600.77
992.45
1671.71
2031.69
1681.18
1142.89
1866.54
1949.46
1330.50
1674.35
1535.52
883.69
1856.32
1385.81
1261.38
1522.64
1724.16
1516.06
519.48
1537.27
785.99
983.99
264.53
1646.90
1884.28
1725.64
1173.97
1381.47
1729.69
1897.34
1574.53
1255.74
1484.60
640.05
1803.99
1863.18
1012.73
1757.72
1264.32
1742.37
1873.48
1624.87
668.97
824.49
1517.79
1826.55
1507.42
1209.47
899.82
1371.65
1091.84
1793.10
1538.22
1833.70
1533.30
911.06
1838.62
1473.05
1667.27
1029.22
1542.24
1154.45
978.31
1460.47
1618.83
1529.47
1517.55
1756.67
1127.48
790.42
951.98
1720.75
1667.95
1658.38
1381.94
1304.96
1382.16
741.37
1958.12
1105.09
1942.19
977.57
1603.91
568.71
1418.26
1185.64
1017.11
401.55
1713.52
1761.82
701.69
1170.25
1983.51
1861.70
1179.53
1836.75
1514.40
1594.78
1611.15
1516.96
2025.95
1033.75
680.69
1968.87
1626.68
1534.15
1907.96
2135.75
1484.16
1635.73
1611.30
1411.68
1149.55
1216.82
1335.24
1609.36
1476.74
1958.80
1496.56
1598.28
1651.03
1674.77
1024.32
1791.71
1023.81
1414.05
1438.53
1629.99
2022.69
656.12
1093.68
1412.24
1935.41
1773.95
1122.24
1906.24
1634.35
1651.64
1772.82
953.06
812.39
1796.03
356.09
1866.86
1942.30
1889.34
1730.35
1473.02
1514.83
1503.99
1817.79
288.08
1685.68
1165.94
1146.43
1917.48
1228.52
1216.92
1426.32
1644.31
1671.37
1513.83
1598.51
1550.34
1797.54
852.82
1430.56
1133.25
1160.29
694.24
746.19
875.55
1686.25
601.40
1515.43
889.78
1506.81
1932.65
1924.99
1502.92
1865.12
1498.30
1429.63
1655.32
1895.93
1146.11
509.65
1146.38
1763.33
1630.46
1741.48
1925.95
671.48
611.17
1751.60
1072.41
1761.02
900.52
1840.53
1157.49
1577.94
1147.37
1223.10
1365.88
1501.23
1905.87
1224.99
1996.97
1541.47
1450.30
1635.30
1664.18
1883.53
1724.78
1578.19
1354.24
2045.94
1219.62
778.70
1531.29
1283.55
1578.47
864.50
1332.27
1332.84
1640.43
1615.05
1918.83
1308.22
1402.49
1590.71
579.21
1661.58
1556.76
1844.38
1840.32
549.97
598.90
1591.17
1827.08
1190.52
1834.13
825.06
1122.69
1438.73
755.41
2052.11
1448.17
1122.96
1813.57
808.73
1468.58
963.91
851.37
1491.81
1596.36
1801.55
1502.98
1732.75
1602.18
1141.40
1843.53
1622.43
1488.19
1868.63
322.37
1677.49
1282.60
1685.72
603.49
696.78
1879.99
1847.18
1368.98
851.31
1593.56
1920.46
1733.21
1285.27
1633.65
1646.82
1267.28
1724.24
1647.30
1534.13
1109.96
1287.85
841.14
1757.86
1984.35
1619.42
1853.38
2019.90
1840.35
1521.74
1649.63
747.02
958.39
1499.41
814.35
1541.13
1460.64
1876.42
1144.84
1833.09
1637.26
1587.09
1709.30
1542.85
1770.32
307.60
1021.56
735.04
1447.54
752.51
1881.13
672.74
2047.60
1606.95
1323.04
1067.37
444.11
878.22
1699.44
1499.74
1683.78
963.82
904.47
1449.83
1288.28
1577.41
1020.04
912.89
1550.22
1578.98
1948.38
956.52
1394.97
505.23
813.72
1765.78
1480.13
1795.91
1522.84
1618.29
1532.79
1814.83
842.63
1229.00
1910.15
1526.11
1602.75
777.83
1482.45
1771.36
365.81
1834.81
1834.64
1142.31
1510.13
1023.12
1734.87
1165.78
1492.66
1506.79
1562.19
663.12
1725.81
1698.58
1640.78
944.75
1104.90
1826.43
611.89
1736.99
1900.98
986.65
1499.90
1977.36
1522.63
851.34
1785.48
1085.31
1177.12
1403.54
1807.05
1024.52
1344.18
1969.98
1565.23
1261.38
1657.63
1731.61
1416.08
1061.46
1488.67
1197.92
765.35
1315.63
1510.32
386.30
1656.13
457.16
1501.36
1357.91
1706.77
1760.32
1898.83
1463.52
1571.86
428.27
877.07
1490.54
1871.36
1084.34
1633.99
1878.41
1045.60
1418.28
1500.95
1174.74
1602.76
462.04
2075.12
1432.97
1028.71
834.16
647.64
1827.02
1405.50
1434.93
1945.02
1766.43
1356.75
1619.38
1518.47
1067.65
1928.31
1620.55
1611.59
1666.47
1482.08
1990.21
1518.28
1733.64
969.92
943.55
1673.89
1777.13
1432.85
993.56
1989.12
1438.48
1731.62
1580.73
1564.88
1493.96
1131.89
1563.90
1341.98
1856.42
1276.09
1754.06
1661.91
1665.55
2049.90
1382.94
1441.02
1633.94
1590.38
1434.25
924.03
1139.17
1639.08
1502.99
1800.27
1641.24
1285.61
949.58
1096.71
1081.96
1854.29
1607.94
1176.49
1840.46
1421.56
1698.53
2011.31
1885.59
1580.70
1647.61
1661.12
1116.50
507.41
1634.14
1978.31
1780.13
1756.57
2095.24
1671.35
1781.23
1320.35
1046.27
1241.91
1758.48
1613.79
1599.39
1195.02
1677.69
1703.58
733.45
1814.88
1474.25
1949.65
2062.94
1277.41
755.41
1581.72
1777.46
1834.42
1664.40
957.39
1976.73
1816.45
1814.50
1460.84
1575.60
1919.38
441.05
649.55
1428.97
875.23
1428.08
1243.56
1720.76
1064.05
1156.47
1235.11
1200.00
1696.07
1657.80
1330.28
1143.00
1698.75
834.32
1555.61
1003.11
1959.34
1512.88
1522.01
1335.61
1505.62
1705.87
1314.42
1242.94
554.94
915.41
1564.77
879.64
1473.60
1598.42
1577.64
1985.41
1889.47
1764.35
1642.53
1677.56
1471.84
1902.68
1574.51
1577.69
1829.27
1970.28
1486.00
1714.79
1580.03
1545.27
1815.99
1060.39
1230.03
2017.58
1967.26
1484.81
973.57
1684.41
1993.99
1527.14
1669.78
845.37
1978.79
880.03
1770.77
703.77
1276.43
1595.69
745.90
1525.29
784.06
1886.07
1743.73
1714.96
1165.28
1126.40
1369.79
1935.31
1858.29
1507.02
1728.16
1406.20
895.60
1708.30
1199.35
1591.53
1263.36
1525.99
1833.98
1917.25
1956.46
1518.11
962.83
1838.53
1239.54
1672.56
1362.55
1699.27
1287.26
965.01
1220.45
1664.19
1445.22
1568.11
1050.65
1668.03
1656.41
1795.82
1974.33
1788.77
492.90
1365.36
1135.73
1419.74
2073.11
825.11
1600.63
1806.31
1153.98
1338.13
1786.07
1738.36
1617.85
1653.36
571.86
817.96
1227.20
1599.93
1601.55
1619.04
1587.41
1655.73
1473.76
1602.75
767.31
1637.32
1812.08
1874.21
1902.06
1795.52
1544.69
873.67
952.24
1765.76
912.03
1473.83
1505.97
1549.45
933.57
1685.13
1917.36
1029.47
667.67
909.52
988.01
1683.70
1326.02
1736.07
1812.65
1585.68
981.19
1508.82
915.59
1384.36
1608.95
1176.92
1594.56
1522.56
939.63
875.19
1503.66
962.93
1861.53
1211.93
1291.77
1779.59
1465.36
827.23
1194.62
1528.57
909.32
622.74
680.54
516.80
1418.05
1817.73
658.84
1608.41
1634.35
1619.98
1557.58
1856.21
1855.37
818.95
1480.34
2043.41
1569.45
1727.85
1348.95
1339.65
1680.63
1382.59
1302.42
1208.81
1569.18
1697.03
1489.90
1126.14
1643.86
657.83
1040.05
942.96
1642.74
1051.42
1376.91
821.12
896.59
1419.03
1007.90
842.46
461.81
1736.09
811.48
787.55
1851.27
820.76
1955.82
1384.22
1630.19
1818.64
1449.14
880.31
1796.90
1780.87
1753.19
688.40
1064.22
978.86
1692.56
573.56
1528.73
1721.77
1501.95
1873.12
1090.48
1059.94
1691.97
1553.24
1881.75
1926.96
1499.47
1718.91
1717.26
676.42
1580.52
966.66
1737.03
1034.26
300.62
861.87
1267.93
1737.25
1867.44
1016.61
1520.42
1276.81
784.49
1423.44
1664.22
1561.06
1598.39
1845.13
678.61
1576.86
821.72
1779.69
1148.89
1215.60
1064.72
1957.05
1340.95
1274.34
1849.39
1638.68
1278.26
1883.33
1656.84
1679.76
1990.07
1718.93
1152.15
1510.01
1440.98
1635.51
1298.71
1712.84
1138.57
1574.32
1643.73
1961.17
1824.39
2115.38
1998.83
770.96
1493.09
1848.26
1513.59
618.86
751.47
1157.04
1976.62
1416.11
1447.45
1742.36
882.77
1586.66
1551.88
1727.31
507.41
944.85
1700.36
1707.86
936.74
1110.54
1945.51
1720.75
1724.40
1761.46
1324.91
425.52
1910.90
1393.87
1218.92
2097.37
1483.83
747.24
1190.89
1602.01
1721.36
1848.89
1774.23
792.06
1715.33
1281.05
1732.25
1878.06
1428.90
1737.61
1359.18
1819.42
782.91
789.68
1028.32
1421.47
1732.77
1088.05
1833.88
1315.29
1497.68
1506.19
1416.69
986.40
1243.46
1951.78
1897.61
1265.48
840.65
1105.22
1455.42
2072.37
903.09
1767.56
1488.97
2028.75
1455.76
1959.97
715.45
1613.67
1424.15
1140.43
1500.42
1075.94
1045.01
1591.83
1264.77
749.64
1531.47
1463.30
1617.50
1501.92
1548.28
1406.23
2087.91
1524.58
1476.74
1113.08
1196.13
1858.04
1591.73
1570.35
779.21
1465.87
1829.00
1595.39
1813.37
1977.46
816.82
1541.88
1760.46
1624.18
996.79
1899.01
684.02
1526.24
1610.53
1553.38
1250.31
804.15
1171.07
1730.61
1087.13
1586.67
1157.43
1555.65
1765.37
1255.99
833.83
1578.30
1633.33
1718.99
466.97
1283.36
1122.14
1794.26
1845.80
488.19
1355.03
1316.90
1788.02
1877.53
1274.89
1838.36
1820.19
1078.74
1554.75
1907.37
1615.57
1576.13
1519.94
946.34
1894.55
1459.93
1249.89
1460.62
1758.51
1461.12
589.07
1443.17
1872.81
618.21
1527.91
1566.64
1425.55
1484.30
896.52
784.16
1721.85
1686.01
1226.02
1248.30
1873.25
851.28
1809.97
596.48
1542.40
769.16
1282.85
1431.52
859.74
789.60
1486.94
778.56
1787.71
1302.37
1263.25
1926.60
1287.21
1500.62
1585.84
1338.27
1417.21
1297.84
1434.28
1633.71
814.87
718.08
971.97
583.48
2049.27
1701.76
1287.19
1216.07
505.70
1172.69
1422.21
1477.67
1298.20
2150.56
1296.06
1372.98
1560.28
1770.44
1739.75
1475.66
1659.55
1409.87
1769.57
1864.16
1473.42
1601.38
1609.78
756.33
1685.90
1329.02
1107.89
1852.17
1953.81
1858.83
1206.19
1644.74
880.35
839.40
1881.25
1235.71
1683.80
538.84
1385.48
1769.77
715.56
1595.95
1633.51
1894.48
289.58
1314.45
2011.31
1973.83
773.44
1382.98
1586.55
1861.45
1711.72
1929.86
1394.68
1543.23
768.90
1532.98
1141.85
769.80
1520.08
195.92
1892.58
713.82
777.01
1555.77
1261.86
2085.65
1382.72
1958.26
1945.19
879.46
1953.53
1635.81
1998.83
737.72
629.32
1612.25
1671.97
1634.70
613.28
1699.93
2137.86
1153.24
1117.73
727.76
1718.48
1840.24
1643.35
1996.24
1638.27
1532.44
591.37
1159.32
1754.14
2003.11
1813.75
1827.40
812.40
1649.37
1448.25
1850.62
1295.30
1374.74
1633.75
1155.24
816.60
1890.07
1356.80
1539.55
1826.47
1396.00
1338.44
1477.32
1966.78
713.99
908.34
1961.10
1772.96
672.34
1584.86
1515.89
1524.58
1851.88
1769.80
1403.15
940.45
1755.46
1527.76
770.31
888.82
1499.81
1086.96
1489.79
1339.82
1519.00
1847.18
1658.11
972.52
1667.65
1594.15
1150.89
1400.18
1793.19
1769.36
1621.89
1775.77
1528.02
1971.30
1635.62
1835.51
1864.84
1313.53
1382.68
1611.76
1236.71
1694.31
1722.89
1837.18
1488.66
1706.68
1952.80
550.29
1399.39
664.99
1721.88
1660.93
1643.75
1411.51
692.45
1345.28
1413.66
1466.50
1320.54
1802.32
1927.17
1239.33
1913.91
715.46
1595.18
1016.00
1596.64
1210.40
1129.97
1662.27
1486.53
1208.40
680.45
1462.22
1464.93
1522.65
1824.36
1723.98
1472.73
1736.06
1752.92
1496.49
1532.38
1397.62
1235.73
1514.53
1969.69
1031.72
987.61
1770.67
760.83
1790.92
1606.33
1525.77
1353.29
1754.58
1436.21
1830.08
1776.71
1028.00
1755.80
1155.23
756.49
1490.27
749.56
1808.46
1860.52
1519.68
1505.54
1655.26
346.55
1634.79
1137.39
1208.06
1709.23
1057.92
843.12
1716.87
977.30
1360.37
1738.91
797.67
1538.14
661.77
726.30
1496.18
1748.56
1191.07
955.18
1533.67
949.35
1942.08
1640.28
1609.27
1644.55
1488.15
1467.21
773.99
1731.42
1815.29
778.98
769.77
781.91
1662.32
1837.00
1077.31
1962.75
1264.97
1140.91
1880.36
1355.89
1971.87
842.56
1478.15
1540.77
906.42
1808.68
1285.02
1201.53
1739.71
1485.46
1001.22
1780.41
1965.72
1545.18
1557.01
1298.14
1119.01
1472.59
1637.11
1252.99
1965.92
1601.71
1373.27
1312.41
835.38
1819.71
1497.33
1246.88
1471.14
1862.23
2118.75
747.05
1760.57
1681.52
844.89
343.98
1669.16
1382.71
1284.71
1090.51
817.32
1620.38
1720.94
1453.11
1686.53
1585.58
1469.23
955.13
1597.35
1025.22
1112.71
1527.21
1135.77
1111.83
715.44
1022.33
1796.28
2004.27
1724.89
1809.14
1251.33
1666.31
1611.21
1214.54
1363.97
1923.59
1217.00
1712.30
1657.22
1972.43
1545.01
1433.26
1537.41
1906.00
974.02
810.24
1429.10
1549.63
979.20
1047.88
1216.20
1314.73
1740.28
1476.77
1339.40
1823.09
1603.34
1623.69
317.67
347.46
1945.78
1714.63
928.92
1842.24
922.11
1104.27
739.01
1606.17
1270.82
2027.92
855.98
1469.58
1480.42
689.20
1883.14
1200.55
657.10
1332.43
1736.41
1645.03
1276.41
1918.71
1506.98
606.31
1804.07
1968.07
1433.38
1899.48
1300.15
2122.58
1235.97
1809.25
1006.92
1458.11
837.98
1147.37
1620.43
1494.60
1358.83
1602.36
759.44
763.50
1536.11
1267.26
1949.01
1859.67
1600.92
764.45
1363.70
1083.93
927.95
1629.75
807.93
1476.50
1372.50
1420.68
1288.17
1718.99
910.90
1010.06
1786.79
1395.23
1945.96
984.05
857.00
1788.97
1048.72
1284.02
1718.59
1649.09
1298.85
257.57
1774.90
1307.58
1920.91
1379.80
1554.64
1366.86
1978.94
1717.54
1654.73
1585.97
1808.87
757.79
1870.23
1472.98
1469.36
1784.35
1773.85
1423.63
1350.75
1812.57
1748.27
1175.39
1758.48
1371.47
934.44
885.58
1492.41
1979.17
1178.51
471.46
1651.37
789.02
1600.46
1286.57
1126.13
1588.48
1499.97
1601.88
1062.43
1668.78
1267.60
1122.14
1122.08
1512.18
1529.73
1571.02
765.90
1326.15
864.09
1781.78
1259.10
1654.12
1146.85
2128.05
1751.97
1242.91
1878.65
1303.43
728.96
1528.71
1138.22
1499.91
1590.95
1363.66
732.90
1638.74
1390.38
990.46
1954.69
1283.95
1810.43
1133.88
1467.12
1085.19
1924.20
1565.09
1880.62
1571.69
1663.09
893.43
984.62
1636.50
777.26
1441.52
1111.88
1204.72
1096.21
1960.86
1812.76
1558.51
1161.89
807.81
1611.48
2019.43
1758.15
604.89
1188.74
1080.74
1582.88
1504.43
1622.88
1644.66
1478.90
245.40
1515.04
1730.40
1437.75
1634.57
1028.69
1920.58
1791.55
1146.37
530.20
2099.12
1170.97
1780.81
1720.64
1442.48
1913.20
1265.30
1777.43
1755.63
508.18
1280.45
255.50
1763.47
861.87
927.14
1865.70
1868.80
766.77
1460.86
1523.94
1985.16
1807.88
374.43
1621.47
1044.52
1864.85
1344.51
1943.56
1886.95
1927.25
1465.13
1769.11
1163.64
1491.00
678.02
1674.01
1527.83
1018.49
1125.08
1685.14
1433.85
1741.70
346.92
1712.44
1649.90
1105.20
1112.69
761.01
1564.50
1271.12
1091.18
1211.85
1120.44
1580.32
1530.44
1075.95
1365.06
1602.34
1387.69
1557.28
1373.74
1770.95
1887.41
1063.71
1209.84
1020.24
1573.19
767.11
667.66
1301.18
955.07
1909.38
1439.51
979.86
1867.62
1131.64
1897.09
1300.67
1251.41
1365.03
811.26
1313.07
1336.43
1423.00
1844.58
896.64
1219.23
1418.42
1716.33
544.88
1447.82
1398.07
903.74
1940.14
1836.21
1161.33
1431.77
930.55
1667.45
1641.91
1419.33
1361.81
867.32
2068.12
1251.90
1910.62
1185.04
914.48
1972.39
1443.17
1527.89
1120.70
1587.90
1498.62
1296.44
1277.81
808.58
1300.62
1361.85
1260.87
1478.65
817.13
1444.67
1114.86
1385.93
1427.17
1640.28
1973.05
1035.89
1320.64
1967.71
965.38
1603.41
1097.42
1784.11
1297.05
1287.90
1596.36
1595.82
1692.31
812.79
1210.16
2028.25
1758.11
1804.64
1355.74
1958.04
1769.38
1964.33
1597.66
1555.27
1594.57
1893.33
1438.84
1186.93
1444.13
1472.28
1343.02
648.66
1137.23
1855.31
1278.62
1724.10
1952.43
1103.96
1564.84
858.86
1550.58
1852.07
399.38
1479.30
1372.02
1578.98
1631.31
1121.86
1394.44
751.09
568.38
1303.94
1815.92
1974.16
1764.57
1746.32
1446.95
1706.46
1689.19
1905.55
851.32
1754.98
560.44
939.18
1024.42
1486.82
1010.89
1590.62
1128.75
1567.74
1583.03
1835.53
1463.81
1476.01
1669.09
1307.96
1574.54
1943.59
1675.08
1036.40
1205.15
1743.06
1380.87
1378.30
812.02
892.36
1525.10
1771.62
1004.20
804.82
1129.68
1744.94
1437.85
1305.75
952.95
1778.29
1534.30
1621.10
1639.23
1429.55
1296.05
755.05
1588.19
762.37
903.27
1811.56
931.01
1264.61
1981.52
975.49
1407.63
1130.94
885.11
981.17
1285.39
1593.31
1499.21
853.46
1534.37
1775.01
1484.58
1283.55
1721.07
1611.73
1835.04
1245.65
976.32
1469.82
1694.58
1273.71
1216.26
1579.68
1191.88
517.83
1658.60
1604.26
806.78
1169.74
1268.82
898.58
1609.68
848.60
1231.91
1255.00
1581.22
1636.94
1719.40
1804.61
1455.42
1515.93
1704.63
1720.76
1676.93
1892.74
1874.29
1603.42
1686.53
1225.98
1582.83
1267.52
1147.08
1699.97
1345.93
1231.03
1741.67
702.92
1770.43
1304.42
1028.55
1031.18
1976.36
1567.05
1504.54
1665.32
1427.73
1600.26
899.88
1420.01
956.96
1512.47
1732.97
1008.66
1479.90
1509.94
1035.61
1348.93
853.82
1526.15
1831.08
830.45
1330.40
694.23
1588.79
469.59
1165.58
863.55
1481.44
1536.93
2001.13
2055.73
1420.92
826.42
779.71
921.18
1886.86
1581.08
1325.49
1433.45
1515.71
1285.28
1878.26
1580.91
1002.89
2031.66
2100.81
1959.85
1628.67
1553.11
815.42
1586.62
1261.52
1505.71
1550.92
980.17
531.35
1973.03
1488.60
852.60
1516.64
1612.25
1287.12
1613.86
1943.47
998.86
800.20
1391.61
1682.80
729.33
689.08
626.18
1799.45
1666.41
1445.52
1843.42
1201.89
1970.95
1594.94
1512.67
1696.85
1972.22
1606.71
1338.46
1575.11
945.66
689.30
1526.16
1598.56
1641.02
1581.52
962.76
1917.52
1818.72
1796.65
1837.41
1719.70
1753.29
1465.81
2112.26
1762.82
1208.04
802.13
771.97
1738.90
1092.10
1645.19
1707.94
1480.67
1245.56
1424.37
1339.63
1515.75
768.37
1353.65
1802.49
777.97
1721.51
1162.11
1660.63
1512.41
1198.84
807.89
1491.40
1473.61
1540.84
1504.06
1210.57
1829.60
1310.19
1499.82
1415.41
1813.54
1061.65
1781.67
1742.29
1550.24
598.17
590.87
1787.74
1046.00
811.27
1570.23
1054.33
1652.02
1142.88
1515.36
1817.94
1783.98
1519.59
1823.19
1859.59
1361.38
1475.85
1513.18
1589.80
1160.28
1046.52
1510.90
1348.97
1245.29
1611.29
1690.01
1305.14
1595.37
1695.24
617.44
691.58
1750.24
1488.87
1406.35
1724.89
1599.89
1281.47
1041.67
1645.16
1381.53
981.93
1870.71
1514.30
1815.70
1483.29
1606.83
1114.01
1456.54
1695.78
1745.67
2053.97
1085.60
616.13
1382.52
1421.70
922.75
741.44
1827.75
1164.85
1771.21
1294.76
1758.41
1810.57
1707.43
977.34
1498.41
1700.81
1253.18
735.77
620.80
1284.06
1891.62
1716.48
744.76
1364.64
1543.03
1668.97
1587.42
1915.32
1999.80
1865.15
1487.89
1973.02
997.57
1121.71
611.81
1735.62
1542.94
1293.44
1508.21
1566.65
2084.63
1777.46
1753.25
1519.26
1440.07
1479.57
1567.03
1951.26
1953.58
1420.36
850.98
1683.63
1520.99
1296.96
1430.70
1424.57
1879.79
1195.02
1043.48
1259.47
572.88
1604.38
1598.91
1581.05
1514.38
1238.77
1167.07
1291.27
1120.07
579.62
1560.35
900.13
1620.84
970.10
1927.31
807.81
1899.20
1830.23
1657.21
1591.52
1914.78
1335.92
1797.90
476.61
1356.49
2107.63
1020.51
1308.94
1457.56
1539.30
474.95
1467.70
1492.97
1416.80
1881.16
1854.24
393.08
1518.09
469.90
1579.43
1437.12
1604.48
1442.60
1761.61
1957.45
587.33
256.54
1408.08
1132.33
1183.36
1398.05
867.31
1756.81
781.52
1833.59
1549.44
883.89
867.48
1207.20
1658.47
1854.08
814.05
1647.29
1578.69
1118.18
646.52
793.87
1548.52
1383.69
1115.41
1455.45
815.82
1620.52
608.53
1180.03
1677.46
1594.33
1939.18
1696.02
1430.89
912.63
1674.49
768.71
1605.07
1204.31
1597.33
1262.57
1283.37
1485.50
1576.63
1594.01
1474.04
1853.38
1742.65
1806.31
807.33
1807.64
1312.85
1494.04
1971.90
1651.37
1737.03
646.20
1265.44
1330.78
1905.49
1471.58
1920.58
1741.24
773.25
1580.69
1685.56
1867.35
1047.12
1095.57
827.77
1521.95
2097.38
1050.78
1811.57
1592.97
1256.08
556.22
1749.16
851.49
1463.20
531.34
1125.10
1151.61
1263.15
1903.77
1958.51
790.11
1663.52
853.33
683.14
1316.43
1146.35
690.68
1548.20
1752.90
1218.58
1544.25
1243.85
1297.16
1599.41
1541.57
1200.02
1235.01
1403.25
418.69
652.29
1597.40
1285.06
1167.11
1140.23
1374.92
1180.02
934.64
1749.27
761.61
1018.19
1467.11
1564.66
1643.68
1189.04
1571.56
1663.35
1736.73
1390.40
1840.60
1419.70
1633.64
1754.33
1032.91
1755.84
1524.30
1838.82
1445.54
1272.81
1739.94
1332.17
1816.64
1921.85
1863.90
1873.96
1627.34
1034.08
1581.04
691.35
1313.23
1422.50
1088.71
1631.78
1965.41
1884.90
1939.31
1396.47
985.78
1418.56
1652.12
1560.43
1767.65
595.76
1442.25
603.00
1433.10
2022.32
1529.59
1615.78
944.12
829.74
1659.50
1393.23
1211.45
1496.50
1360.98
1906.51
1646.44
618.02
1314.87
1669.21
1286.31
1326.20
1496.51
1587.74
1151.27
706.82
423.20
1798.27
901.73
1698.68
1835.38
1567.08
1545.92
1971.22
864.57
1285.88
1490.26
1305.65
1499.31
697.96
1903.01
1606.19
1445.51
441.25
1084.11
1514.90
1556.68
1105.20
1906.56
919.82
852.43
1378.50
1270.76
1778.86
1424.24
1109.24
2004.31
1916.49
1806.34
1407.26
1113.11
610.67
1638.22
1488.80
1665.55
352.25
1755.81
1736.91
1693.84
1573.31
1759.76
937.68
657.93
1749.82
1666.41
1652.18
1437.92
1234.60
1483.59
1123.47
848.02
1947.10
998.86
1467.28
1465.68
1057.84
1094.51
1587.55
1909.37
1432.68
687.82
1479.48
1039.28
1615.99
1511.30
1227.68
1756.17
1509.75
1599.81
1919.75
1619.89
1035.63
1477.50
2100.05
1107.06
1585.80
1589.86
999.59
694.18
1471.29
1080.98
1578.25
776.25
1404.32
1063.04
1317.26
1543.61
818.65
1372.53
1967.97
816.49
2088.78
1073.08
1220.82
865.45
1602.58
1800.94
1359.13
1537.21
1286.77
1024.83
753.17
1862.33
1217.75
1819.60
1688.65
1682.54
1109.49
1466.58
1534.71
1967.32
1210.80
1354.67
1680.16
759.56
1896.96
1921.70
1848.41
1768.16
1834.68
1029.63
1699.87
341.87
1397.34
1064.89
1385.32
847.62
2039.72
1329.50
1405.54
976.83
1945.78
923.48
156.74
889.77
1092.93
1915.35
1986.04
1750.10
1620.14
1886.65
1172.11
1580.42
964.11
1258.18
1469.50
881.47
892.57
1717.53
1269.32
744.74
1401.82
1683.03
1494.80
1644.02
1897.28
1237.49
1961.22
1616.96
1541.85
1708.05
1435.04
1376.20
756.32
1097.70
528.06
1638.51
1646.31
1704.91
1484.20
1313.03
1292.91
1278.23
562.81
1784.92
1873.99
1498.30
1784.85
1591.03
1372.68
1949.77
819.91
1274.44
869.67
1724.50
1370.14
1025.55
1229.23
1830.88
1739.90
1606.91
1471.75
899.49
2003.15
791.70
1381.12
1533.81
1280.64
1487.17
1307.34
1430.42
1143.84
943.77
1959.55
1592.95
799.50
1793.06
1430.97
1625.59
592.91
1871.44
1481.95
522.12
1119.54
891.67
328.68
1439.83
1243.96
1417.09
1658.13
1504.92
1291.12
1717.60
2096.58
626.60
1588.18
698.19
1591.01
1461.48
1179.63
809.41
1805.10
1790.52
1507.05
1509.60
872.05
1188.43
1740.72
1434.47
1347.85
1303.28
1752.05
444.77
1034.65
1032.89
923.03
1772.63
779.57
1147.89
1823.19
1479.12
1271.58
362.35
1337.07
1132.11
878.14
1127.77
827.99
1595.73
1654.07
1866.42
1476.99
1691.30
817.84
1657.42
1885.08
1612.26
1568.85
2082.42
1268.62
877.94
1425.71
1269.62
1987.62
1796.92
1498.16
1042.59
1763.80
801.54
1392.03
812.56
1853.27
1462.97
1333.68
1638.11
1638.98
1968.02
1582.59
93.51
1550.39
1699.45
1133.67
1028.01
1368.33
1527.25
1448.43
919.06
1888.49
1593.14
1569.20
1902.70
1942.31
1559.08
1296.97
1567.37
1605.02
1509.09
395.32
1584.16
1786.28
1396.29
1277.54
1710.86
645.82
575.46
649.38
1865.28
1278.57
